Date=Mar  5 2025
Time=11:35:15
h=0.01
lmin=0.02
lmax=0.2
C=1
alpha_mu=1
alpha_CV=0.3
beta=0.8
Amin=0
Amax_mu=3.14159
Amax_CV=0.1
gam=10000
ka=100000
kl=10000
kb=0
kr=1e+07
kh=1e+06
sh=0.01
ss=0.01
mu=0
rho=0
g=0
gl=0
cv=20
cd=0
cc=30
dt=0.0001
Nf=100
Ns=1000
Nr=0
NUM_SPECIES=2
NUM_KINETIC=3
ADVECTION_DILUTION=1
RNG_SEED=0
k0=[1.000000, 0.100000, 0.000000]
k_mu=[1.000000, 0.100000, 1.000000]
k_CV=[0.300000, 0.000000, 0.000000]
D0=[32.000000, 32.000000]
D_mu=[32.000000, 32.000000]
D_CV=[0.300000, 0.300000]
anisotropy=[1.000000, 1.000000]
domain=[-15, -15, 15, 15]
dx=0.3
dist_cutoff=2
kd=1e+07
IDW_rcut=7.08982
input_file=ensemble.off
output_folder=output
Output::c=1
Output::grad_c=1
Output::D=1
Output::k=1
Output::parent_idx=1
Output::cell_type=1
Output::v=1
