Date=Feb 13 2025
Time=15:34:29
h=0.01
lmin=0.02
lmax=0.2
Q=1
alpha_mu=1
alpha_CV=0.1
beta=0.8
Amin=0
Amax_mu=3.14159
Amax_CV=0.1
gam=10000
ka=100000
kl=10000
kb=0
kr=1e+07
kh=1e+06
sh=0.01
ss=0.01
theta=0
mu=0
rho=0
g=0
gl=0
cv=20
cd=0
cc=30
dt=0.0001
NUM_SPECIES=2
NUM_KIN=3
ADVECTION_DILUTION_EN=0
D0=[32.000000, 32.000000]
k0=[1.000000, 0.100000, 0.000000]
D_mu=[32.000000, 32.000000]
k_mu=[1.000000, 0.100000, 0.000000]
D_CV=[0.300000, 0.000000]
k_CV=[0.300000, 0.000000, 0.000000]
dx=0.3
dt=0.0001
Nf=100
Ns=1000
Nr=0
dist_cutoff_factor=2
anisotropy=[1.000000, 1.000000]
domain_bd_stiffness=5e+06
RNG_SEED=90178009
Output::c=1
Output::D=1
Output::k=1
Output::parent_idx=1
Output::cell_type=1
Output::velocity=1
